00000000000000000000
00000000000000000000
00000000000000000000
00000000000000000000
00000000000000000000
00000000000000000000
00000000000000000000
00000000000000000000
00000000000000000000
00000000000000000000
00000000000000000000
00000000000000000000
00000000000000000000
00000000000000000000
00000000000000000000
00000000000000000000
00000000000000000000
00000000000000000000
00000000000000000000
00000000000000000000
00000000000000000000
00000000000000000000
00000000000000000000
00000000000000000000
00000000000000000000
00000000000000000000
33333333330000000000
44444444430000000000
44444444430000000000
44444444430000000000
44444444430000000000
44444444430000000000
44444444430000000000
44444444430000000000
44444444430000000000
44444444430000000000
44444444430000000000
44444444430000000000
44444444430000000000
44444444430000000000