44444444444444444444
44444444444444444444
44333333333333333344
44300000000000000344
44300000000000000344
44300000000000000344
44300000000000000344
44300000000000000344
44300000000000000344
44300000000000000344
44300000000000000344
44300000000000000344
44300000000000000344
44300000000000000344
44300000000000000344
44300000000000000344
44300000000000000344
44300000000000000344
44300000000000000344
44300000000000000344
44300000000000000344
44300000000000000344
44300000000000000344
44300000000000000344
44300000000000000344
44300000000000000344
44300000000000000344
44300000000000000344
44300000000000000344
44300000000000000344
44300000000000000344
44300000000000000344
44300000000000000344
44300000000000000344
44300000000000000344
44300000000000000344
44300000000000000344
44333333333333333344
44444444444444444444
44444444444444444444