44444444433444444444
44444443300334444444
44444430000003444444
44444430000003444444
44443300000000334444
44443000000000034444
44330000000000003344
43000000000000000034
43000000000000000034
30000000000000000003
30000000000000000003
43000000000000000034
43000000000000000034
44330000000000003344
44443000000000034444
44443000000000034444
44330000000000003344
43000000000000000034
43000000000000000034
30000000000000000003
30000000000000000003
43000000000000000034
43000000000000000034
44330000000000003344
44443000000000034444
44443000000000034444
44330000000000003344
43000000000000000034
43000000000000000034
30000000000000000003
30000000000000000003
43000000000000000034
43000000000000000034
44330000000000003344
44443000000000034444
44443300000000334444
44444430000003444444
44444430000003444444
44444443300334444444
44444444433444444444