44300000000000000344
44300000000000000344
44430000000000003444
44430000000000003444
34443000000000034443
34443000000000034443
03444300000000344430
03444300000000344430
00344430000003444300
00344430000003444300
00034443000034443000
00034443000034443000
00003444300344430000
00003444300344430000
00000344433444300000
00000344433444300000
00000034444443000000
00000034444443000000
00000003444430000000
00000003444430000000
00000003444430000000
00000003444430000000
00000034444443000000
00000034444443000000
00000344433444300000
00000344433444300000
00003444300344430000
00003444300344430000
00034443000034443000
00034443000034443000
00344430000003444300
00344430000003444300
03444300000000344430
03444300000000344430
34443000000000034443
34443000000000034443
44430000000000003444
44430000000000003444
44300000000000000344
44300000000000000344