00000003444430000000
00000003444430000000
00000003444430000000
00000003444430000000
00000003444430000000
00000003444430000000
00000003444430000000
00000003444430000000
00000003444430000000
00000003444430000000
00000003444430000000
00000003444430000000
00000003444430000000
00000003444430000000
00000003444430000000
00000003444430000000
00000003444430000000
00000003444430000000
00000003444430000000
00000003444430000000
00000003444430000000
00000003444430000000
00000003444430000000
00000003444430000000
00000003444430000000
00000003444430000000
00000003444430000000
00000003444430000000
00000003444430000000
00000003444430000000
00000003444430000000
00000003444430000000
00000003444430000000
00000003444430000000
00000003444430000000
00000003444430000000
00000003444430000000
00000003444430000000
00000003444430000000
00000003444430000000