44430000000000000000
44430000000000000000
44443000000000000000
44443000000000000000
44444300000000000000
44444300000000000000
34444430000000000000
34444430000000000000
03444443000000000000
03444443000000000000
00344444300000000000
00344444300000000000
00034444430000000000
00034444430000000000
00003444443000000000
00003444443000000000
00000344444300000000
00000344444300000000
00000034444430000000
00000034444430000000
00000003444443000000
00000003444443000000
00000000344444300000
00000000344444300000
00000000034444430000
00000000034444430000
00000000003444443000
00000000003444443000
00000000000344444300
00000000000344444300
00000000000034444430
00000000000034444430
00000000000003444443
00000000000003444443
00000000000000344444
00000000000000344444
00000000000000034444
00000000000000034444
00000000000000003444
00000000000000003444