00000000000000000000
00000000000000000000
00000000000000000000
00000000000000000000
00000000000000000000
00000000000000000000
00000000000000000000
00000000000000000000
00000000000000000000
00000000000000000000
00000000000000000000
00000000033000000000
00003300344300330000
00034430344303443000
00003444444444430000
00304443333334440300
03434430000003443430
03444300333300344430
00334303444430343300
00004303444430340000
00004303444430340000
00334303444430343300
03444300333300344430
03434430000003443430
00304443333334440300
00003444444444430000
00034430344303443000
00003300344300330000
00000000033000000000
00000000000000000000
00000000000000000000
00000000000000000000
00000000000000000000
00000000000000000000
00000000000000000000
00000000000000000000
00000000000000000000
00000000000000000000
00000000000000000000
00000000000000000000