44444430000000000000
44444430000000000000
44444430000000000000
44444430000000000000
44444430000000000000
44444430000000000000
44444430000000000000
44444430000000000000
44444430000000000000
44444430000000000000
44444430000000000000
44444430000000000000
44444430000000000000
44444430000000000000
44444430000000000000
44444430000000000000
44444430000000000000
44444430000000000000
44444430000000000000
44444430000000000000
44444430000000000000
44444430000000000000
44444430000000000000
44444430000000000000
44444430000000000000
44444430000000000000
44444430000000000000
44444430000000000000
44444430000000000000
44444430000000000000
44444430000000000000
44444430000000000000
44444430000000000000
44444430000000000000
44444430000000000000
44444430000000000000
44444430000000000000
44444430000000000000
44444430000000000000
44444430000000000000