00000000000000000000
00000000000000000000
00000000000000000000
00000000000000000000
00000000000000000000
00000000000000000000
00000000000000000000
00000000000000000000
00000000033000000000
00000000344300000000
00000000344300000000
00000003444430000000
00000003444430000000
00000034444443000000
00000034444443000000
00000344444444300000
00000344444444300000
00003444444444430000
00003444444444430000
00034444444444443000
00034444444444443000
00003444444444430000
00003444444444430000
00000344444444300000
00000344444444300000
00000034444443000000
00000034444443000000
00000003444430000000
00000003444430000000
00000000344300000000
00000000344300000000
00000000033000000000
00000000000000000000
00000000000000000000
00000000000000000000
00000000000000000000
00000000000000000000
00000000000000000000
00000000000000000000
00000000000000000000