00000000000003444444
00000000000003444444
00000000000003444444
00000000000003444444
00000000000003444444
00000000000003444444
00000000000003444444
00000000000003444444
00000000000003444444
00000000000003444444
00000000000003444444
00000000000003444444
00000000000003444444
00000000000003444444
00000000000003444444
00000000000003444444
00000000000003444444
00000000000003444444
00000000000003444444
00000000000003444444
00000000000003444444
00000000000003444444
00000000000003444444
00000000000003444444
00000000000003444444
00000000000003444444
00000000000003444444
00000000000003444444
00000000000003444444
00000000000003444444
00000000000003444444
00000000000003444444
00000000000003444444
00000000000003444444
00000000000003444444
00000000000003444444
00000000000003444444
00000000000003444444
00000000000003444444
00000000000003444444