00000000344300000000
00000000344300000000
00000000344300000000
00000000344300000000
00000000344300000000
00000000344300000000
00000000344300000000
00000000344300000000
00000000344300000000
00000000344300000000
00000000344300000000
00000000344300000000
00000000344300000000
00000000344300000000
00000000344300000000
00000000344300000000
00000000344300000000
00000000344300000000
33333333344333333333
44444444444444444444
44444444444444444444
33333333344333333333
00000000344300000000
00000000344300000000
00000000344300000000
00000000344300000000
00000000344300000000
00000000344300000000
00000000344300000000
00000000344300000000
00000000344300000000
00000000344300000000
00000000344300000000
00000000344300000000
00000000344300000000
00000000344300000000
00000000344300000000
00000000344300000000
00000000344300000000
00000000344300000000