03430034300343003430
03430034300343003430
03430034300343003430
03430034300343003430
03430034300343003430
03430034300343003430
03430034300343003430
03430034300343003430
03430034300343003430
03430034300343003430
03430034300343003430
03430034300343003430
03430034300343003430
03430034300343003430
03430034300343003430
03430034300343003430
03430034300343003430
03430034300343003430
03430034300343003430
03430034300343003430
03430034300343003430
03430034300343003430
03430034300343003430
03430034300343003430
03430034300343003430
03430034300343003430
03430034300343003430
03430034300343003430
03430034300343003430
03430034300343003430
03430034300343003430
03430034300343003430
03430034300343003430
03430034300343003430
03430034300343003430
03430034300343003430
03430034300343003430
03430034300343003430
03430034300343003430
03430034300343003430