44444444443000000000
44444444443000000000
44444444443000000000
44444444443000000000
44444444443000000000
44444444443000000000
44444444443000000000
44444444443000000000
44444444443000000000
44444444443000000000
44444444443000000000
44444444443000000000
44444444443000000000
44444444443000000000
44444444443000000000
44444444443000000000
44444444443000000000
44444444443000000000
44444444443000000000
44444444443000000000
44444444443000000000
44444444443000000000
44444444443000000000
44444444443000000000
44444444443000000000
44444444443000000000
44444444443000000000
44444444443000000000
44444444443000000000
44444444443000000000
44444444443000000000
44444444443000000000
44444444443000000000
44444444443000000000
44444444443000000000
44444444443000000000
44444444443000000000
44444444443000000000
44444444443000000000
44444444443000000000