00000000034444444444
00000000034444444444
00000000034444444444
00000000034444444444
00000000034444444444
00000000034444444444
00000000034444444444
00000000034444444444
00000000034444444444
00000000034444444444
00000000034444444444
00000000034444444444
00000000034444444444
00000000034444444444
00000000034444444444
00000000034444444444
00000000034444444444
00000000034444444444
00000000034444444444
00000000034444444444
00000000034444444444
00000000034444444444
00000000034444444444
00000000034444444444
00000000034444444444
00000000034444444444
00000000034444444444
00000000034444444444
00000000034444444444
00000000034444444444
00000000034444444444
00000000034444444444
00000000034444444444
00000000034444444444
00000000034444444444
00000000034444444444
00000000034444444444
00000000034444444444
00000000034444444444
00000000034444444444